x1 = -29.518072
x2 = 19.759036
